{
  "nbformat": 4,
  "nbformat_minor": 0,
  "metadata": {
    "colab": {
      "provenance": []
    },
    "kernelspec": {
      "name": "python3",
      "display_name": "Python 3"
    },
    "language_info": {
      "name": "python"
    }
  },
  "cells": [
    {
      "cell_type": "code",
      "source": [
        "import numpy as np\n",
        "\n",
        "n = 3\n",
        "extra = np.array([[1/2, 1/2, 0], [1/2, 0, 1], [0, 1/2, 0]])\n",
        "print(\"Matrix:\\n\",extra)\n",
        "limit = 0.000000001\n",
        "rj = np.array([1/n,1/n,1/n])\n",
        "for _ in range(100):\n",
        "  new_rj = np.dot(extra, rj)\n",
        "  print(new_rj)\n",
        "  if np.linalg.norm(new_rj - rj) < limit:\n",
        "    break\n",
        "  rj = new_rj\n",
        "print(\"\\nFinal Matrix:\\n\",rj)"
      ],
      "metadata": {
        "id": "iKKfJXY954aR",
        "colab": {
          "base_uri": "https://localhost:8080/"
        },
        "outputId": "0b0aebdd-af12-44ec-d0e1-cfcab3a2c261"
      },
      "execution_count": null,
      "outputs": [
        {
          "output_type": "stream",
          "name": "stdout",
          "text": [
            "Matrix:\n",
            " [[0.5 0.5 0. ]\n",
            " [0.5 0.  1. ]\n",
            " [0.  0.5 0. ]]\n",
            "[0.33333333 0.5        0.16666667]\n",
            "[0.41666667 0.33333333 0.25      ]\n",
            "[0.375      0.45833333 0.16666667]\n",
            "[0.41666667 0.35416667 0.22916667]\n",
            "[0.38541667 0.4375     0.17708333]\n",
            "[0.41145833 0.36979167 0.21875   ]\n",
            "[0.390625   0.42447917 0.18489583]\n",
            "[0.40755208 0.38020833 0.21223958]\n",
            "[0.39388021 0.41601562 0.19010417]\n",
            "[0.40494792 0.38704427 0.20800781]\n",
            "[0.39599609 0.41048177 0.19352214]\n",
            "[0.40323893 0.39152018 0.20524089]\n",
            "[0.39737956 0.40686035 0.19576009]\n",
            "[0.40211995 0.39444987 0.20343018]\n",
            "[0.39828491 0.40449015 0.19722493]\n",
            "[0.40138753 0.39636739 0.20224508]\n",
            "[0.39887746 0.40293884 0.1981837 ]\n",
            "[0.40090815 0.39762243 0.20146942]\n",
            "[0.39926529 0.4019235  0.19881121]\n",
            "[0.40059439 0.39844386 0.20096175]\n",
            "[0.39951913 0.40125895 0.19922193]\n",
            "[0.40038904 0.39898149 0.20062947]\n",
            "[0.39968526 0.40082399 0.19949075]\n",
            "[0.40025463 0.39933338 0.200412  ]\n",
            "[0.399794   0.40053931 0.19966669]\n",
            "[0.40016666 0.39956369 0.20026965]\n",
            "[0.39986517 0.40035298 0.19978185]\n",
            "[0.40010908 0.39971443 0.20017649]\n",
            "[0.39991175 0.40023103 0.19985722]\n",
            "[0.40007139 0.39981309 0.20011551]\n",
            "[0.39994224 0.40015121 0.19990655]\n",
            "[0.40004673 0.39987767 0.20007561]\n",
            "[0.3999622  0.40009897 0.19993883]\n",
            "[0.40003058 0.39991993 0.20004948]\n",
            "[0.39997526 0.40006478 0.19995997]\n",
            "[0.40002002 0.3999476  0.20003239]\n",
            "[0.39998381 0.4000424  0.1999738 ]\n",
            "[0.4000131 0.3999657 0.2000212]\n",
            "[0.3999894  0.40002775 0.19998285]\n",
            "[0.40000857 0.39997755 0.20001387]\n",
            "[0.39999306 0.40001816 0.19998878]\n",
            "[0.40000561 0.39998531 0.20000908]\n",
            "[0.39999546 0.40001189 0.19999265]\n",
            "[0.40000367 0.39999038 0.20000594]\n",
            "[0.39999703 0.40000778 0.19999519]\n",
            "[0.4000024  0.39999371 0.20000389]\n",
            "[0.39999805 0.40000509 0.19999685]\n",
            "[0.40000157 0.39999588 0.20000255]\n",
            "[0.39999873 0.40000333 0.19999794]\n",
            "[0.40000103 0.3999973  0.20000167]\n",
            "[0.39999917 0.40000218 0.19999865]\n",
            "[0.40000067 0.39999824 0.20000109]\n",
            "[0.39999945 0.40000143 0.19999912]\n",
            "[0.40000044 0.39999884 0.20000071]\n",
            "[0.39999964 0.40000093 0.19999942]\n",
            "[0.40000029 0.39999924 0.20000047]\n",
            "[0.39999977 0.40000061 0.19999962]\n",
            "[0.40000019 0.39999951 0.20000031]\n",
            "[0.39999985 0.4000004  0.19999975]\n",
            "[0.40000012 0.39999968 0.2000002 ]\n",
            "[0.3999999  0.40000026 0.19999984]\n",
            "[0.40000008 0.39999979 0.20000013]\n",
            "[0.39999993 0.40000017 0.19999989]\n",
            "[0.40000005 0.39999986 0.20000009]\n",
            "[0.39999996 0.40000011 0.19999993]\n",
            "[0.40000003 0.39999991 0.20000006]\n",
            "[0.39999997 0.40000007 0.19999995]\n",
            "[0.40000002 0.39999994 0.20000004]\n",
            "[0.39999998 0.40000005 0.19999997]\n",
            "[0.40000001 0.39999996 0.20000002]\n",
            "[0.39999999 0.40000003 0.19999998]\n",
            "[0.40000001 0.39999997 0.20000002]\n",
            "[0.39999999 0.40000002 0.19999999]\n",
            "[0.40000001 0.39999998 0.20000001]\n",
            "[0.39999999 0.40000001 0.19999999]\n",
            "[0.4        0.39999999 0.20000001]\n",
            "[0.4        0.40000001 0.19999999]\n",
            "[0.4        0.39999999 0.2       ]\n",
            "[0.4        0.40000001 0.2       ]\n",
            "[0.4 0.4 0.2]\n",
            "[0.4 0.4 0.2]\n",
            "[0.4 0.4 0.2]\n",
            "[0.4 0.4 0.2]\n",
            "[0.4 0.4 0.2]\n",
            "[0.4 0.4 0.2]\n",
            "[0.4 0.4 0.2]\n",
            "[0.4 0.4 0.2]\n",
            "[0.4 0.4 0.2]\n",
            "[0.4 0.4 0.2]\n",
            "[0.4 0.4 0.2]\n",
            "[0.4 0.4 0.2]\n",
            "[0.4 0.4 0.2]\n",
            "[0.4 0.4 0.2]\n",
            "\n",
            "Final Matrix:\n",
            " [0.4 0.4 0.2]\n"
          ]
        }
      ]
    },
    {
      "cell_type": "code",
      "source": [
        "# Google Matrix A = ß * M + (1 -ß) [1/N]\n",
        "\n",
        "import numpy as np\n",
        "\n",
        "n = 3\n",
        "beta = 0.8\n",
        "M = np.array([[1/2, 1/2, 0], [1/2, 0, 0], [0, 1/2, 1]])\n",
        "A = beta*M + (1-beta)*np.full((3, 3), 1/n)\n",
        "print(\"\\nMatrix M:\\n\",M)\n",
        "print(\"\\nMatrix A:\\n\",A)\n",
        "limit = 0.00000000000000000001\n",
        "rj = np.array([1/n,1/n,1/n])\n",
        "while True:\n",
        "  new_rj = np.dot(A, rj)\n",
        "  print(new_rj)\n",
        "  if np.linalg.norm(new_rj - rj) < limit:\n",
        "    break\n",
        "  rj = new_rj\n",
        "print(\"\\nFinal Matrix:\\n\",rj)"
      ],
      "metadata": {
        "id": "XFOfktGk-X2q",
        "colab": {
          "base_uri": "https://localhost:8080/"
        },
        "outputId": "136647d5-8936-4dc6-8f15-a2edf2ffd76a"
      },
      "execution_count": null,
      "outputs": [
        {
          "output_type": "stream",
          "name": "stdout",
          "text": [
            "\n",
            "Matrix M:\n",
            " [[0.5 0.5 0. ]\n",
            " [0.5 0.  0. ]\n",
            " [0.  0.5 1. ]]\n",
            "\n",
            "Matrix A:\n",
            " [[0.46666667 0.46666667 0.06666667]\n",
            " [0.46666667 0.06666667 0.06666667]\n",
            " [0.06666667 0.46666667 0.86666667]]\n",
            "[0.33333333 0.2        0.46666667]\n",
            "[0.28 0.2  0.52]\n",
            "[0.25866667 0.17866667 0.56266667]\n",
            "[0.2416     0.17013333 0.58826667]\n",
            "[0.23136    0.16330667 0.60533333]\n",
            "[0.22453333 0.15921067 0.616256  ]\n",
            "[0.22016427 0.15648    0.62335573]\n",
            "[0.21732437 0.15473237 0.62794325]\n",
            "[0.21548937 0.15359642 0.63091422]\n",
            "[0.21430098 0.15286241 0.63283661]\n",
            "[0.21353202 0.15238706 0.63408092]\n",
            "[0.2130343  0.15207948 0.63488622]\n",
            "[0.21271218 0.15188039 0.63540744]\n",
            "[0.21250369 0.15175154 0.63574477]\n",
            "[0.21236876 0.15166814 0.6359631 ]\n",
            "[0.21228143 0.15161417 0.6361044 ]\n",
            "[0.21222491 0.15157924 0.63619586]\n",
            "[0.21218832 0.15155663 0.63625505]\n",
            "[0.21216465 0.151542   0.63629336]\n",
            "[0.21214932 0.15153253 0.63631815]\n",
            "[0.21213941 0.1515264  0.6363342 ]\n",
            "[0.21213299 0.15152243 0.63634458]\n",
            "[0.21212883 0.15151986 0.6363513 ]\n",
            "[0.21212614 0.1515182  0.63635566]\n",
            "[0.2121244  0.15151712 0.63635847]\n",
            "[0.21212328 0.15151643 0.63636029]\n",
            "[0.21212255 0.15151598 0.63636147]\n",
            "[0.21212208 0.15151569 0.63636224]\n",
            "[0.21212177 0.1515155  0.63636273]\n",
            "[0.21212157 0.15151538 0.63636305]\n",
            "[0.21212145 0.1515153  0.63636326]\n",
            "[0.21212136 0.15151525 0.63636339]\n",
            "[0.21212131 0.15151521 0.63636348]\n",
            "[0.21212128 0.15151519 0.63636353]\n",
            "[0.21212125 0.15151518 0.63636357]\n",
            "[0.21212124 0.15151517 0.63636359]\n",
            "[0.21212123 0.15151516 0.63636361]\n",
            "[0.21212122 0.15151516 0.63636362]\n",
            "[0.21212122 0.15151516 0.63636362]\n",
            "[0.21212122 0.15151515 0.63636363]\n",
            "[0.21212122 0.15151515 0.63636363]\n",
            "[0.21212121 0.15151515 0.63636363]\n",
            "[0.21212121 0.15151515 0.63636363]\n",
            "[0.21212121 0.15151515 0.63636364]\n",
            "[0.21212121 0.15151515 0.63636364]\n",
            "[0.21212121 0.15151515 0.63636364]\n",
            "[0.21212121 0.15151515 0.63636364]\n",
            "[0.21212121 0.15151515 0.63636364]\n",
            "[0.21212121 0.15151515 0.63636364]\n",
            "[0.21212121 0.15151515 0.63636364]\n",
            "[0.21212121 0.15151515 0.63636364]\n",
            "[0.21212121 0.15151515 0.63636364]\n",
            "[0.21212121 0.15151515 0.63636364]\n",
            "[0.21212121 0.15151515 0.63636364]\n",
            "[0.21212121 0.15151515 0.63636364]\n",
            "[0.21212121 0.15151515 0.63636364]\n",
            "[0.21212121 0.15151515 0.63636364]\n",
            "[0.21212121 0.15151515 0.63636364]\n",
            "[0.21212121 0.15151515 0.63636364]\n",
            "[0.21212121 0.15151515 0.63636364]\n",
            "[0.21212121 0.15151515 0.63636364]\n",
            "[0.21212121 0.15151515 0.63636364]\n",
            "[0.21212121 0.15151515 0.63636364]\n",
            "[0.21212121 0.15151515 0.63636364]\n",
            "[0.21212121 0.15151515 0.63636364]\n",
            "[0.21212121 0.15151515 0.63636364]\n",
            "[0.21212121 0.15151515 0.63636364]\n",
            "[0.21212121 0.15151515 0.63636364]\n",
            "[0.21212121 0.15151515 0.63636364]\n",
            "[0.21212121 0.15151515 0.63636364]\n",
            "[0.21212121 0.15151515 0.63636364]\n",
            "[0.21212121 0.15151515 0.63636364]\n",
            "[0.21212121 0.15151515 0.63636364]\n",
            "[0.21212121 0.15151515 0.63636364]\n",
            "[0.21212121 0.15151515 0.63636364]\n",
            "[0.21212121 0.15151515 0.63636364]\n",
            "[0.21212121 0.15151515 0.63636364]\n",
            "[0.21212121 0.15151515 0.63636364]\n",
            "[0.21212121 0.15151515 0.63636364]\n",
            "[0.21212121 0.15151515 0.63636364]\n",
            "[0.21212121 0.15151515 0.63636364]\n",
            "[0.21212121 0.15151515 0.63636364]\n",
            "[0.21212121 0.15151515 0.63636364]\n",
            "[0.21212121 0.15151515 0.63636364]\n",
            "\n",
            "Final Matrix:\n",
            " [0.21212121 0.15151515 0.63636364]\n"
          ]
        }
      ]
    },
    {
      "cell_type": "code",
      "source": [],
      "metadata": {
        "id": "7_k0WAx5tfzu"
      },
      "execution_count": null,
      "outputs": []
    }
  ]
}